[0, -1, 0, -1, 0, 0, -1, 0, -1, 0, 0, 0, 0, -1, 0, 0, -1, -1, -1, 0, 0, 0, -1, -1, 0, -1, 0, 0, 0, 0, 0, -1, -1, -1, 0, -1, -1, -1, 0, -1, -1, 0, 0, -1, 0, 0, -1, 0, -1, -1, 0, -1, -1, -1, -1, 0, 0, 0, 0, 0, -1, -1, -1, -1, 0, -1, -1, -1, 0, 0, 0]
[0, -1, 0, -1, 0, -1, -1, -1, -1, -1, 0, -1, 0, -1, 0, -1, 0, -1, -1, -1, -1, -1, -1, -1, -1, -1, -1, -1, -1, -1, 0, -1, 0, -1, -1, -1, -1, -1, -1, -1, -1, -1, 0, -1, -1, -1, -1, -1, -1, -1, -1, -1, 0, -1, -1, -1, -1, -1, -1, -1, 0, -1, -1, -1, -1, -1, 0, -1, 0, -1, -1]
[0, -1, -1, -1, 0, 0, 0, -1, 0, -1, -1, -1, 0, 0, 0, -1, -1, -1, 0, 0, 0, -1, 0, -1, 0, -1, -1, -1, -1, -1, -1, -1, -1, 0, -1, -1, -1, -1, -1, 0, 0, 0, 0, -1, -1, -1, -1, -1, -1, -1, 0, -1, 0, -1, 0, 0, 0, -1, 0, 0, -1, -1, 0, -1, 0, -1, -1, -1, 0, 0, -1]
[0, -1, -1, -1, 0, -1, -1, -1, 0, -1, -1, -1, -1, -1, -1, -1, -1, -1, -1, -1, 0, -1, 0, -1, -1, -1, 0, -1, 0, -1, -1, -1, -1, -1, -1, -1, 0, -1, -1, -1, -1, -1, 0, -1, -1, -1, -1, -1, -1, -1, -1, -1, -1, -1, 0, -1, -1, -1, 0, -1, -1, -1, 0, -1, 0, -1, 0, -1, -1, -1, 0]
[-1, -1, -1, 0, -1, -1, 0, -1, -1, -1, 0, 0, -1, -1, 0, 0, 0, -1, 0, -1, 0, -1, 0, 0, 0, -1, 0, 0, 0, -1, 0, 0, 0, -1, -1, -1, -1, -1, 0, -1, 0, -1, -1, -1, 0, -1, 0, 0, -1, 0, 0, -1, -1, -1, 0, -1, 0, -1, 0, 0, -1, -1, 0, -1, 0, -1, -1, 0, 0, -1, 0]
[0, -1, 0, -1, -1, -1, -1, -1, -1, -1, -1, -1, -1, -1, 0, -1, -1, -1, 0, -1, -1, -1, -1, -1, -1, -1, 0, -1, -1, -1, -1, -1, -1, -1, 0, -1, -1, -1, -1, -1, 0, -1, -1, -1, 0, -1, -1, -1, -1, -1, -1, -1, -1, -1, -1, -1, -1, -1, -1, -1, -1, -1, -1, -1, 0, -1, -1, -1, -1, -1, 0]
[0, -1, 0, 0, -1, -1, -1, 0, 0, -1, 0, -1, 0, -1, 0, -1, 0, -1, -1, -1, 0, 0, -1, -1, 0, -1, 0, -1, -1, 0, 0, 0, 0, -1, -1, 0, -1, -1, 0, -1, 0, -1, 0, 0, 0, -1, 0, 0, -1, -1, 0, -1, 0, 0, -1, -1, 0, -1, 0, -1, -1, 0, 0, 0, 0, -1, 0, -1, 0, -1, -1]
[-1, -1, -1, -1, 0, -1, -1, -1, -1, -1, -1, -1, 0, -1, -1, -1, -1, -1, -1, -1, -1, -1, 0, -1, -1, -1, 0, -1, -1, -1, -1, -1, 0, -1, -1, -1, -1, -1, -1, -1, -1, -1, -1, -1, -1, -1, 0, -1, 0, -1, -1, -1, -1, -1, -1, -1, -1, -1, 0, -1, -1, -1, -1, -1, -1, -1, 0, -1, 0, -1, 0]
[-1, 0, 0, 0, 0, -1, 0, 0, -1, -1, -1, -1, -1, -1, 0, 0, -1, -1, 0, 0, 0, -1, 0, -1, 0, -1, 0, -1, 0, -1, 0, -1, -1, -1, -1, -1, -1, -1, 0, -1, 0, -1, -1, 0, -1, -1, -1, -1, -1, -1, 0, 0, 0, -1, 0, -1, -1, -1, 0, -1, -1, -1, -1, -1, 0, -1, -1, -1, -1, -1, -1]
[-1, -1, -1, -1, -1, -1, -1, -1, -1, -1, -1, -1, -1, -1, 0, -1, -1, -1, -1, -1, -1, -1, 0, -1, 0, -1, -1, -1, 0, -1, -1, -1, 0, -1, 0, -1, -1, -1, 0, -1, 0, -1, -1, -1, 0, -1, 0, -1, -1, -1, 0, -1, -1, -1, 0, -1, -1, -1, -1, -1, -1, -1, 0, -1, 0, -1, -1, -1, 0, -1, -1]
[-1, -1, 0, 0, 0, -1, 0, -1, -1, -1, 0, -1, -1, -1, -1, -1, 0, 0, 0, -1, -1, -1, 0, -1, -1, 0, -1, -1, 0, -1, -1, -1, -1, -1, 0, -1, 0, -1, 0, -1, 0, -1, -1, -1, 0, -1, 0, -1, -1, 0, -1, -1, 0, -1, -1, -1, -1, -1, -1, 0, -1, 0, 0, -1, -1, 0, -1, -1, -1, 0, 0]
[-1, -1, -1, -1, 0, -1, 0, -1, -1, -1, 0, -1, -1, -1, 0, -1, -1, -1, 0, -1, 0, -1, 0, -1, -1, -1, 0, -1, 0, -1, -1, -1, -1, -1, -1, -1, 0, -1, -1, -1, -1, -1, -1, -1, -1, -1, -1, -1, 0, -1, -1, -1, -1, -1, 0, -1, 0, -1, -1, -1, -1, -1, -1, -1, -1, -1, 0, -1, -1, -1, -1]
[0, -1, 0, -1, 0, -1, -1, -1, -1, -1, -1, -1, 0, -1, -1, -1, 0, -1, 0, -1, -1, -1, -1, 0, 0, -1, 0, -1, 0, -1, -1, -1, 0, -1, -1, 0, -1, -1, -1, -1, -1, -1, 0, 0, -1, -1, 0, -1, 0, 0, 0, -1, 0, 0, 0, -1, 0, -1, 0, -1, 0, 0, 0, 0, 0, -1, 0, 0, 0, -1, -1]
[0, -1, -1, -1, -1, -1, -1, -1, 0, -1, -1, -1, -1, -1, 0, -1, -1, -1, -1, -1, -1, -1, -1, -1, -1, -1, -1, -1, 0, -1, -1, -1, -1, -1, -1, -1, -1, -1, 0, -1, -1, -1, -1, -1, 0, -1, -1, -1, -1, -1, -1, -1, 0, -1, -1, -1, -1, -1, 0, -1, -1, -1, -1, -1, 0, -1, 0, -1, -1, -1, 0]
[0, -1, -1, -1, 0, -1, -1, -1, -1, -1, -1, -1, 0, -1, 0, -1, 0, 0, -1, -1, 0, 0, 0, -1, -1, -1, 0, 0, 0, -1, 0, 0, -1, 0, -1, -1, -1, -1, -1, -1, 0, -1, 0, -1, 0, -1, -1, -1, 0, -1, 0, -1, 0, 0, 0, 0, 0, 0, 0, -1, -1, -1, 0, 0, 0, -1, -1, -1, -1, -1, 0]
[-1, -1, -1, -1, -1, -1, 0, -1, -1, -1, -1, -1, -1, -1, -1, -1, -1, -1, -1, -1, 0, -1, 0, -1, -1, -1, -1, -1, -1, -1, -1, -1, -1, -1, 0, -1, 0, -1, -1, -1, 0, -1, -1, -1, -1, -1, -1, -1, 0, -1, -1, -1, -1, -1, -1, -1, -1, -1, -1, -1, 0, -1, -1, -1, -1, -1, -1, -1, 0, -1, 0]
[-1, 0, 0, -1, 0, -1, 0, -1, -1, 0, 0, 0, 0, 0, 0, -1, 0, -1, 0, -1, -1, -1, 0, -1, -1, -1, -1, -1, -1, 0, -1, -1, 0, -1, 0, -1, -1, -1, -1, 0, -1, -1, 0, -1, 0, 0, 0, -1, -1, -1, 0, 0, -1, -1, -1, -1, 0, -1, -1, -1, 0, -1, 0, 0, -1, -1, -1, 0, -1, -1, -1]
[0, -1, 0, -1, 0, -1, -1, -1, -1, -1, -1, -1, -1, -1, -1, -1, -1, -1, -1, -1, 0, -1, 0, -1, -1, -1, 0, -1, -1, -1, -1, -1, 0, -1, -1, -1, -1, -1, 0, -1, -1, -1, 0, -1, 0, -1, 0, -1, 0, -1, 0, -1, 0, -1, -1, -1, -1, -1, -1, -1, 0, -1, -1, -1, -1, -1, -1, -1, -1, -1, 0]
[-1, -1, -1, 0, 0, -1, 0, -1, -1, -1, 0, -1, -1, -1, 0, 0, -1, -1, -1, 0, 0, -1, 0, -1, -1, -1, 0, -1, -1, -1, 0, -1, 0, -1, -1, -1, 0, -1, -1, -1, 0, -1, 0, -1, 0, -1, 0, -1, -1, -1, -1, -1, -1, -1, 0, 0, 0, 0, -1, -1, -1, -1, 0, 0, -1, 0, -1, -1, 0, -1, -1]
[-1, -1, -1, -1, -1, -1, -1, -1, -1, -1, 0, -1, 0, -1, -1, -1, -1, -1, 0, -1, -1, -1, -1, -1, -1, -1, -1, -1, -1, -1, 0, -1, -1, -1, -1, -1, 0, -1, 0, -1, -1, -1, 0, -1, 0, -1, -1, -1, -1, -1, 0, -1, -1, -1, 0, -1, -1, -1, -1, -1, -1, -1, -1, -1, -1, -1, -1, -1, -1, -1, 0]
[0, 0, 0, 0, 0, -1, 0, -1, 0, -1, -1, -1, 0, -1, -1, -1, 0, -1, 0, -1, 0, -1, 0, -1, 0, 0, 0, -1, -1, 0, 0, -1, 0, 0, -1, -1, 0, 0, 0, -1, -1, -1, 0, -1, 0, -1, -1, -1, -1, -1, 0, -1, -1, -1, 0, -1, 0, -1, 0, 0, -1, -1, -1, -1, -1, -1, 0, -1, -1, -1, 0]
[-1, -1, -1, -1, -1, -1, -1, -1, -1, -1, 0, -1, 0, -1, 0, -1, 0, -1, -1, -1, 0, -1, -1, -1, -1, -1, -1, -1, 0, -1, -1, -1, -1, -1, -1, -1, -1, -1, -1, -1, 0, -1, 0, -1, 0, -1, -1, -1, -1, -1, -1, -1, 0, -1, 0, -1, -1, -1, -1, -1, -1, -1, -1, -1, -1, -1, 0, -1, 0, -1, 0]
[0, -1, 0, 0, 0, -1, 0, -1, 0, -1, 0, -1, -1, 0, 0, -1, 0, 0, 0, 0, 0, -1, 0, -1, 0, 0, 0, -1, 0, 0, 0, -1, -1, -1, 0, -1, 0, -1, -1, 0, -1, 0, -1, -1, 0, -1, 0, -1, 0, -1, -1, 0, -1, -1, 0, 0, 0, -1, -1, 0, -1, 0, 0, 0, -1, -1, 0, 0, 0, -1, 0]
[-1, -1, -1, -1, -1, -1, 0, -1, 0, -1, -1, -1, -1, -1, -1, -1, -1, -1, -1, -1, -1, -1, -1, -1, -1, -1, -1, -1, 0, -1, -1, -1, -1, -1, -1, -1, -1, -1, -1, -1, -1, -1, -1, -1, 0, -1, 0, -1, 0, -1, 0, -1, -1, -1, -1, -1, 0, -1, 0, -1, -1, -1, -1, -1, -1, -1, -1, -1, -1, -1, 0]
[-1, -1, 0, 0, 0, -1, 0, -1, 0, -1, -1, -1, -1, -1, 0, 0, -1, 0, 0, -1, 0, 0, 0, -1, 0, -1, 0, -1, -1, 0, -1, -1, 0, 0, -1, 0, -1, 0, 0, 0, 0, 0, 0, -1, 0, -1, 0, 0, 0, -1, 0, -1, -1, 0, 0, -1, 0, -1, -1, -1, -1, -1, -1, -1, 0, 0, 0, 0, 0, -1, 0]
[0, -1, -1, -1, -1, -1, 0, -1, -1, -1, -1, -1, -1, -1, -1, -1, -1, -1, 0, -1, -1, -1, -1, -1, 0, -1, -1, -1, -1, -1, -1, -1, 0, -1, -1, -1, -1, -1, -1, -1, -1, -1, -1, -1, -1, -1, -1, -1, -1, -1, 0, -1, 0, -1, 0, -1, -1, -1, 0, -1, -1, -1, -1, -1, -1, -1, 0, -1, 0, -1, -1]
[0, -1, -1, -1, 0, -1, -1, -1, -1, 0, 0, 0, 0, -1, -1, -1, -1, 0, 0, -1, -1, 0, -1, 0, 0, -1, 0, 0, 0, -1, -1, -1, 0, -1, 0, 0, 0, -1, 0, 0, -1, -1, 0, 0, -1, -1, 0, -1, 0, 0, 0, -1, 0, -1, 0, -1, 0, -1, 0, 0, -1, 0, 0, -1, -1, -1, -1, -1, -1, -1, 0]
[-1, -1, 0, -1, -1, -1, -1, -1, 0, -1, -1, -1, -1, -1, 0, -1, 0, -1, -1, -1, -1, -1, -1, -1, -1, -1, -1, -1, 0, -1, 0, -1, 0, -1, -1, -1, -1, -1, -1, -1, -1, -1, -1, -1, 0, -1, 0, -1, 0, -1, -1, -1, -1, -1, 0, -1, 0, -1, -1, -1, -1, -1, 0, -1, -1, -1, 0, -1, -1, -1, -1]
[0, -1, -1, -1, -1, -1, 0, 0, -1, -1, -1, 0, -1, 0, -1, -1, -1, -1, 0, 0, 0, -1, -1, -1, -1, 0, -1, -1, -1, -1, -1, -1, 0, 0, -1, -1, -1, -1, 0, -1, -1, -1, -1, -1, 0, -1, 0, -1, -1, -1, 0, -1, -1, -1, 0, 0, 0, -1, 0, -1, 0, -1, 0, 0, 0, -1, 0, -1, -1, -1, 0]
[0, -1, -1, -1, -1, -1, -1, -1, -1, -1, -1, -1, -1, -1, -1, -1, -1, -1, -1, -1, -1, -1, 0, -1, -1, -1, 0, -1, -1, -1, -1, -1, -1, -1, -1, -1, -1, -1, -1, -1, 0, -1, -1, -1, -1, -1, -1, -1, -1, -1, 0, -1, -1, -1, -1, -1, -1, -1, -1, -1, -1, -1, -1, -1, 0, -1, -1, -1, -1, -1, -1]
[-1, -1, 0, 0, 0, -1, -1, -1, -1, 0, 0, -1, 0, -1, -1, -1, -1, -1, -1, -1, -1, 0, -1, -1, -1, -1, 0, -1, -1, 0, -1, -1, 0, -1, 0, 0, 0, -1, 0, -1, 0, -1, -1, -1, -1, -1, 0, -1, 0, -1, 0, 0, -1, 0, -1, -1, 0, -1, 0, -1, -1, 0, -1, -1, -1, -1, 0, 0, -1, -1, 0]
[-1, -1, -1, -1, -1, -1, 0, -1, -1, -1, -1, -1, -1, -1, -1, -1, -1, -1, 0, -1, -1, -1, -1, -1, -1, -1, 0, -1, -1, -1, 0, -1, -1, -1, -1, -1, 0, -1, 0, -1, -1, -1, -1, -1, 0, -1, 0, -1, 0, -1, -1, -1, -1, -1, -1, -1, -1, -1, -1, -1, -1, -1, 0, -1, 0, -1, 0, -1, 0, -1, 0]
[-1, -1, 0, 0, 0, 0, -1, -1, 0, -1, -1, -1, -1, 0, -1, -1, -1, 0, -1, -1, 0, -1, -1, 0, 0, -1, -1, -1, -1, -1, 0, 0, 0, 0, -1, 0, -1, -1, 0, -1, -1, 0, -1, -1, -1, 0, 0, -1, -1, -1, -1, 0, -1, 0, 0, -1, -1, 0, 0, -1, -1, 0, -1, -1, 0, -1, -1, -1, -1, -1, 0]
[-1, -1, -1, -1, -1, -1, -1, -1, -1, -1, -1, -1, -1, -1, -1, -1, -1, -1, -1, -1, -1, -1, -1, -1, 0, -1, 0, -1, -1, -1, -1, -1, -1, -1, -1, -1, -1, -1, -1, -1, -1, -1, -1, -1, -1, -1, -1, -1, -1, -1, 0, -1, -1, -1, -1, -1, 0, -1, -1, -1, -1, -1, -1, -1, -1, -1, 0, -1, -1, -1, -1]
[0, -1, 0, -1, 0, -1, 0, -1, 0, -1, 0, -1, 0, 0, 0, -1, 0, -1, 0, 0, 0, 0, 0, -1, 0, -1, 0, -1, 0, 0, 0, -1, -1, -1, 0, 0, 0, -1, 0, -1, -1, 0, 0, -1, 0, 0, 0, 0, 0, -1, 0, -1, -1, -1, 0, 0, -1, -1, -1, -1, 0, 0, 0, -1, 0, -1, 0, 0, -1, -1, 0]
[0, -1, 0, -1, 0, -1, 0, -1, -1, -1, -1, -1, -1, -1, -1, -1, 0, -1, -1, -1, -1, -1, -1, -1, -1, -1, 0, -1, -1, -1, -1, -1, -1, -1, 0, -1, -1, -1, -1, -1, 0, -1, -1, -1, 0, -1, -1, -1, 0, -1, 0, -1, -1, -1, -1, -1, -1, -1, -1, -1, -1, -1, -1, -1, -1, -1, -1, -1, 0, -1, -1]
[0, -1, 0, -1, -1, -1, 0, -1, -1, 0, -1, -1, 0, 0, -1, -1, -1, 0, -1, -1, 0, 0, 0, 0, -1, -1, 0, 0, -1, -1, 0, -1, -1, 0, -1, -1, 0, -1, 0, 0, 0, -1, 0, -1, 0, -1, -1, -1, -1, 0, 0, -1, 0, -1, 0, 0, -1, 0, -1, -1, 0, -1, -1, -1, 0, -1, -1, -1, -1, -1, -1]
[0, -1, -1, -1, -1, -1, -1, -1, -1, -1, -1, -1, 0, -1, 0, -1, -1, -1, 0, -1, 0, -1, -1, -1, -1, -1, -1, -1, -1, -1, -1, -1, -1, -1, -1, -1, 0, -1, -1, -1, 0, -1, 0, -1, -1, -1, -1, -1, -1, -1, -1, -1, 0, -1, -1, -1, -1, -1, 0, -1, -1, -1, -1, -1, 0, -1, -1, -1, 0, -1, 0]
[0, -1, -1, -1, 0, -1, 0, 0, -1, -1, 0, -1, -1, -1, -1, -1, -1, -1, -1, -1, 0, -1, 0, 0, -1, -1, -1, 0, -1, 0, 0, -1, 0, 0, -1, -1, 0, 0, 0, -1, 0, -1, 0, 0, 0, 0, 0, -1, -1, -1, 0, 0, 0, -1, 0, -1, 0, -1, 0, -1, 0, -1, 0, -1, 0, -1, 0, 0, -1, -1, -1]
[-1, -1, -1, -1, -1, -1, -1, -1, -1, -1, -1, -1, -1, -1, -1, -1, 0, -1, -1, -1, 0, -1, 0, -1, -1, -1, -1, -1, -1, -1, -1, -1, 0, -1, -1, -1, -1, -1, -1, -1, 0, -1, -1, -1, -1, -1, -1, -1, -1, -1, 0, -1, -1, -1, -1, -1, 0, -1, 0, -1, -1, -1, 0, -1, -1, -1, -1, -1, -1, -1, -1]
[0, -1, 0, -1, 0, 0, 0, -1, -1, 0, -1, -1, 0, -1, 0, -1, -1, 0, -1, -1, 0, -1, 0, 0, 0, -1, 0, 0, 0, -1, 0, -1, 0, -1, -1, -1, 0, 0, 0, -1, -1, 0, 0, 0, -1, 0, 0, -1, -1, -1, 0, 0, -1, 0, -1, -1, -1, -1, 0, -1, 0, -1, 0, -1, 0, -1, 0, -1, -1, -1, 0]
[0, -1, 0, -1, 0, -1, 0, -1, -1, -1, -1, -1, -1, -1, 0, -1, -1, -1, -1, -1, -1, -1, -1, -1, 0, -1, 0, -1, -1, -1, -1, -1, -1, -1, -1, -1, -1, -1, -1, -1, -1, -1, -1, -1, -1, -1, 0, -1, -1, -1, -1, -1, -1, -1, -1, -1, -1, -1, -1, -1, 0, -1, 0, -1, 0, -1, -1, -1, -1, -1, -1]
[-1, -1, 0, -1, -1, -1, -1, -1, 0, -1, 0, -1, -1, 0, 0, 0, 0, 0, -1, 0, 0, 0, 0, -1, 0, -1, 0, -1, -1, -1, 0, -1, 0, 0, 0, -1, 0, 0, 0, 0, 0, -1, -1, -1, 0, 0, 0, -1, 0, 0, 0, 0, 0, 0, 0, -1, -1, -1, -1, -1, 0, -1, 0, -1, -1, 0, 0, -1, 0, 0, 0]
[-1, -1, -1, -1, 0, -1, -1, -1, -1, -1, -1, -1, -1, -1, -1, -1, -1, -1, 0, -1, -1, -1, -1, -1, 0, -1, 0, -1, -1, -1, -1, -1, -1, -1, -1, -1, 0, -1, 0, -1, -1, -1, -1, -1, 0, -1, -1, -1, 0, -1, -1, -1, -1, -1, -1, -1, 0, -1, -1, -1, -1, -1, 0, -1, -1, -1, -1, -1, -1, -1, -1]
[0, -1, 0, -1, -1, -1, -1, -1, -1, 0, 0, -1, -1, 0, -1, -1, -1, -1, -1, -1, 0, 0, 0, -1, -1, -1, 0, -1, 0, -1, 0, -1, -1, -1, -1, -1, -1, -1, 0, -1, -1, 0, 0, -1, -1, 0, 0, -1, 0, 0, 0, -1, -1, -1, 0, -1, -1, -1, 0, 0, -1, -1, 0, 0, 0, -1, -1, 0, 0, -1, -1]
[-1, -1, -1, -1, -1, -1, 0, -1, -1, -1, -1, -1, 0, -1, -1, -1, 0, -1, -1, -1, -1, -1, -1, -1, -1, -1, 0, -1, -1, -1, -1, -1, -1, -1, -1, -1, -1, -1, -1, -1, 0, -1, 0, -1, -1, -1, 0, -1, -1, -1, 0, -1, -1, -1, -1, -1, 0, -1, -1, -1, -1, -1, -1, -1, -1, -1, -1, -1, -1, -1, 0]
[0, 0, -1, 0, 0, 0, 0, 0, 0, -1, -1, 0, -1, -1, -1, -1, -1, -1, -1, 0, -1, -1, 0, -1, 0, -1, 0, -1, 0, 0, -1, -1, 0, -1, 0, -1, 0, -1, -1, -1, 0, -1, -1, -1, -1, -1, 0, -1, 0, -1, 0, -1, 0, -1, 0, -1, -1, 0, 0, -1, -1, -1, 0, 0, -1, -1, 0, 0, 0, 0, -1]
[-1, -1, -1, -1, -1, -1, -1, -1, -1, -1, -1, -1, -1, -1, -1, -1, 0, -1, -1, -1, -1, -1, 0, -1, -1, -1, -1, -1, 0, -1, -1, -1, -1, -1, 0, -1, 0, -1, 0, -1, -1, -1, -1, -1, -1, -1, -1, -1, 0, -1, -1, -1, -1, -1, -1, -1, -1, -1, -1, -1, 0, -1, 0, -1, -1, -1, -1, -1, -1, -1, 0]
[0, 0, 0, -1, 0, -1, -1, -1, 0, 0, 0, 0, -1, -1, 0, -1, 0, -1, 0, 0, -1, -1, 0, 0, 0, -1, 0, -1, -1, -1, -1, -1, -1, -1, -1, 0, 0, -1, 0, 0, -1, -1, 0, -1, 0, 0, -1, -1, -1, -1, 0, -1, -1, 0, 0, -1, -1, 0, 0, -1, 0, -1, -1, -1, -1, -1, 0, 0, -1, -1, -1]
[0, -1, -1, -1, -1, -1, 0, -1, -1, -1, -1, -1, -1, -1, -1, -1, 0, -1, -1, -1, 0, -1, -1, -1, -1, -1, -1, -1, -1, -1, -1, -1, -1, -1, -1, -1, -1, -1, -1, -1, 0, -1, 0, -1, -1, -1, -1, -1, 0, -1, -1, -1, -1, -1, -1, -1, 0, -1, 0, -1, -1, -1, -1, -1, -1, -1, 0, -1, 0, -1, -1]
[-1, -1, 0, 0, 0, -1, 0, -1, 0, 0, 0, -1, 0, -1, -1, -1, 0, 0, 0, 0, 0, -1, 0, -1, -1, -1, -1, -1, 0, 0, 0, 0, 0, -1, 0, 0, -1, 0, 0, -1, 0, 0, 0, -1, -1, 0, -1, -1, 0, -1, 0, -1, -1, 0, 0, -1, 0, -1, 0, -1, -1, 0, -1, 0, 0, -1, -1, -1, 0, -1, 0]
[0, -1, -1, -1, 0, -1, 0, -1, -1, -1, -1, -1, -1, -1, 0, -1, -1, -1, -1, -1, -1, -1, 0, -1, -1, -1, -1, -1, -1, -1, -1, -1, -1, -1, 0, -1, -1, -1, 0, -1, -1, -1, -1, -1, -1, -1, 0, -1, 0, -1, -1, -1, -1, -1, -1, -1, 0, -1, 0, -1, 0, -1, -1, -1, -1, -1, -1, -1, -1, -1, 0]
[0, -1, 0, -1, 0, -1, 0, -1, -1, -1, -1, -1, -1, -1, 0, -1, -1, 0, 0, -1, -1, -1, 0, -1, -1, 0, 0, 0, 0, -1, 0, 0, -1, 0, 0, -1, 0, 0, -1, -1, -1, 0, -1, 0, 0, 0, 0, -1, 0, -1, -1, 0, 0, -1, -1, -1, -1, -1, 0, -1, 0, -1, 0, 0, 0, -1, 0, 0, 0, 0, -1]
[-1, -1, 0, -1, -1, -1, -1, -1, 0, -1, 0, -1, 0, -1, -1, -1, -1, -1, -1, -1, -1, -1, 0, -1, 0, -1, -1, -1, -1, -1, 0, -1, -1, -1, 0, -1, -1, -1, -1, -1, -1, -1, -1, -1, -1, -1, 0, -1, 0, -1, -1, -1, -1, -1, -1, -1, -1, -1, -1, -1, -1, -1, -1, -1, 0, -1, -1, -1, -1, -1, 0]
[0, -1, 0, -1, 0, -1, 0, -1, -1, -1, -1, 0, -1, -1, -1, 0, -1, -1, -1, -1, 0, -1, 0, 0, -1, -1, -1, -1, -1, -1, 0, -1, -1, -1, 0, 0, 0, 0, 0, -1, -1, -1, -1, 0, 0, -1, 0, -1, 0, -1, 0, 0, -1, 0, -1, 0, -1, -1, 0, -1, 0, 0, 0, -1, 0, 0, -1, 0, -1, -1, 0]
[-1, -1, 0, -1, -1, -1, 0, -1, -1, -1, -1, -1, -1, -1, -1, -1, -1, -1, -1, -1, 0, -1, -1, -1, -1, -1, -1, -1, -1, -1, 0, -1, -1, -1, -1, -1, -1, -1, 0, -1, -1, -1, 0, -1, 0, -1, -1, -1, -1, -1, -1, -1, -1, -1, -1, -1, -1, -1, 0, -1, -1, -1, -1, -1, -1, -1, -1, -1, 0, -1, 0]
[-1, -1, 0, -1, 0, 0, -1, -1, -1, 0, -1, 0, 0, -1, 0, -1, 0, 0, 0, -1, 0, -1, 0, -1, -1, 0, -1, -1, -1, 0, 0, -1, -1, 0, -1, 0, 0, -1, 0, 0, -1, -1, 0, -1, -1, -1, 0, -1, 0, -1, 0, 0, 0, -1, 0, -1, 0, 0, -1, -1, 0, -1, 0, 0, 0, -1, 0, -1, -1, -1, 0]
[0, -1, -1, -1, -1, -1, -1, -1, 0, -1, -1, -1, 0, -1, 0, -1, 0, -1, -1, -1, 0, -1, 0, -1, -1, -1, 0, -1, -1, -1, -1, -1, -1, -1, -1, -1, 0, -1, -1, -1, -1, -1, -1, -1, 0, -1, -1, -1, -1, -1, -1, -1, 0, -1, 0, -1, 0, -1, -1, -1, 0, -1, -1, -1, 0, -1, -1, -1, 0, -1, 0]
[-1, -1, -1, -1, -1, -1, 0, 0, 0, -1, 0, -1, -1, 0, -1, -1, -1, -1, -1, -1, 0, -1, -1, -1, -1, -1, 0, -1, -1, 0, 0, 0, -1, 0, 0, 0, -1, -1, 0, -1, 0, -1, 0, -1, -1, -1, -1, 0, 0, -1, -1, 0, 0, -1, -1, 0, 0, 0, -1, -1, 0, 0, -1, 0, 0, -1, 0, -1, 0, -1, -1]
[-1, -1, -1, -1, 0, -1, -1, -1, 0, -1, -1, -1, -1, -1, -1, -1, -1, -1, -1, -1, 0, -1, -1, -1, -1, -1, -1, -1, -1, -1, -1, -1, -1, -1, -1, -1, -1, -1, -1, -1, 0, -1, -1, -1, -1, -1, 0, -1, -1, -1, 0, -1, -1, -1, -1, -1, -1, -1, 0, -1, -1, -1, 0, -1, -1, -1, -1, -1, -1, -1, -1]
[0, -1, 0, -1, -1, -1, -1, -1, 0, 0, 0, -1, 0, -1, -1, 0, 0, 0, -1, -1, 0, -1, -1, -1, 0, 0, 0, 0, -1, -1, -1, -1, 0, 0, -1, -1, 0, -1, 0, -1, -1, -1, 0, -1, 0, 0, 0, -1, 0, -1, 0, -1, 0, 0, -1, 0, 0, -1, 0, -1, -1, -1, 0, -1, 0, 0, 0, -1, 0, 0, -1]
[-1, -1, -1, -1, -1, -1, 0, -1, -1, -1, 0, -1, 0, -1, -1, -1, -1, -1, -1, -1, -1, -1, 0, -1, -1, -1, -1, -1, -1, -1, -1, -1, 0, -1, -1, -1, -1, -1, 0, -1, -1, -1, 0, -1, 0, -1, -1, -1, 0, -1, 0, -1, -1, -1, -1, -1, 0, -1, -1, -1, -1, -1, -1, -1, -1, -1, -1, -1, -1, -1, 0]
[-1, 0, 0, -1, -1, -1, 0, 0, 0, -1, -1, 0, 0, -1, 0, -1, -1, -1, 0, 0, 0, -1, -1, -1, 0, -1, 0, -1, 0, 0, 0, -1, -1, -1, -1, -1, 0, -1, 0, -1, 0, -1, 0, 0, 0, -1, 0, -1, 0, -1, -1, 0, -1, 0, 0, -1, 0, 0, 0, -1, 0, -1, -1, 0, 0, -1, 0, 0, 0, -1, 0]
[-1, -1, -1, -1, -1, -1, -1, -1, -1, -1, -1, -1, -1, -1, -1, -1, -1, -1, 0, -1, -1, -1, -1, -1, -1, -1, -1, -1, -1, -1, -1, -1, -1, -1, 0, -1, 0, -1, 0, -1, 0, -1, -1, -1, -1, -1, 0, -1, -1, -1, -1, -1, -1, -1, -1, -1, -1, -1, 0, -1, 0, -1, 0, -1, -1, -1, -1, -1, 0, -1, 0]
[0, -1, 0, -1, 0, -1, 0, 0, -1, 0, -1, 0, 0, -1, -1, -1, 0, -1, -1, 0, -1, 0, 0, -1, -1, 0, 0, 0, -1, 0, 0, 0, 0, -1, -1, -1, 0, -1, 0, 0, -1, -1, 0, 0, 0, 0, 0, -1, -1, -1, 0, 0, 0, -1, 0, -1, 0, -1, 0, -1, 0, 0, -1, -1, 0, -1, 0, -1, -1, 0, -1]
[0, -1, 0, -1, -1, -1, -1, -1, -1, -1, -1, -1, -1, -1, -1, -1, -1, -1, -1, -1, -1, -1, 0, -1, -1, -1, -1, -1, -1, -1, -1, -1, -1, -1, 0, -1, 0, -1, -1, -1, 0, -1, -1, -1, 0, -1, -1, -1, -1, -1, 0, -1, -1, -1, -1, -1, -1, -1, -1, -1, -1, -1, -1, -1, -1, -1, -1, -1, -1, -1, 0]
[0, -1, -1, 0, -1, 0, -1, 0, -1, -1, -1, -1, -1, 0, -1, -1, 0, -1, 0, -1, -1, -1, 0, -1, -1, 0, 0, 0, 0, -1, 0, -1, 0, 0, 0, -1, 0, -1, 0, -1, 0, 0, 0, -1, 0, 0, 0, 0, 0, -1, -1, 0, 0, 0, -1, -1, 0, 0, 0, 0, 0, -1, 0, 0, -1, -1, 0, 0, 0, 0, 0]
[-1, -1, -1, -1, -1, -1, -1, -1, -1, -1, -1, -1, 0, -1, 0, -1, -1, -1, 0, -1, -1, -1, -1, -1, -1, -1, -1, -1, 0, -1, 0, -1, 0, -1, -1, -1, 0, -1, 0, -1, -1, -1, 0, -1, -1, -1, -1, -1, -1, -1, -1, -1, -1, -1, -1, -1, 0, -1, -1, -1, 0, -1, -1, -1, 0, -1, 0, -1, -1, -1, -1]
[-1, 0, 0, 0, 0, -1, -1, -1, 0, -1, 0, -1, 0, -1, -1, -1, -1, -1, -1, -1, 0, 0, 0, -1, -1, -1, -1, -1, 0, -1, 0, 0, 0, -1, -1, 0, 0, -1, -1, -1, 0, 0, 0, -1, 0, 0, 0, -1, -1, 0, 0, 0, 0, -1, -1, -1, -1, 0, 0, -1, 0, 0, 0, 0, -1, -1, 0, 0, 0, -1, 0]
[0, -1, -1, -1, -1, -1, 0, -1, -1, -1, 0, -1, -1, -1, 0, -1, 0, -1, -1, -1, -1, -1, -1, -1, 0, -1, -1, -1, -1, -1, -1, -1, -1, -1, 0, -1, -1, -1, 0, -1, -1, -1, -1, -1, 0, -1, 0, -1, 0, -1, -1, -1, -1, -1, 0, -1, 0, -1, -1, -1, -1, -1, -1, -1, -1, -1, -1, -1, 0, -1, 0]
[-1, 0, 0, 0, 0, -1, 0, -1, -1, -1, 0, -1, 0, 0, 0, -1, 0, 0, 0, -1, -1, -1, -1, 0, -1, -1, 0, -1, 0, 0, 0, -1, -1, -1, 0, -1, -1, 0, 0, 0, 0, 0, 0, 0, 0, -1, 0, 0, 0, -1, 0, -1, -1, -1, -1, -1, 0, -1, 0, -1, -1, 0, -1, 0, 0, -1, 0, 0, -1, 0, 0]
Part 1: 0
